  Run_nr	   Alpha	    Beta	      CL	      CD	    Cyaw	 Cm_p_qc	      Ct	      Cn	   Aside	 Cm_roll	Cm_pitch	  Cm_yaw	       V	      Re	       M
       /	 degrees	 degrees	       /	       /	       /	       /	       /	       /	       /	       /	       /	       /	     m/s	       /	       /
       1	  -3.000	   0.000	 -0.2189	0.018611	 0.00000	 0.00132	0.007131	 -0.2195	0.000000	-0.04676	 0.00113	-0.00875	   50.14	7.987E+5	   0.147	        	        	        	        	        	        	        	        	        	        	        	        	        	        	        	        	        
       2	  -1.995	   0.000	 -0.1433	0.016883	 0.00000	 0.00120	0.011885	 -0.1438	0.000000	-0.03092	 0.00108	-0.01017	   50.10	7.955E+5	   0.147	        	        	        	        	        	        	        	        	        	        	        	        	        	        	        	        	        
       3	  -0.995	   0.000	 -0.0683	0.015758	 0.00000	 0.00137	0.014570	 -0.0685	0.000000	-0.01487	 0.00130	-0.01104	   50.08	7.948E+5	   0.147	        	        	        	        	        	        	        	        	        	        	        	        	        	        	        	        	        
       4	   0.005	   0.000	  0.0065	0.015370	 0.00000	 0.00135	0.015370	  0.0065	0.000000	 0.00130	 0.00135	-0.01142	   50.08	7.947E+5	   0.147	        	        	        	        	        	        	        	        	        	        	        	        	        	        	        	        	        
       5	   1.005	   0.000	  0.0813	0.015597	 0.00000	 0.00153	0.014169	  0.0815	0.000000	 0.01733	 0.00160	-0.01124	   50.07	7.942E+5	   0.147	        	        	        	        	        	        	        	        	        	        	        	        	        	        	        	        	        
       6	   2.005	   0.000	  0.1563	0.016600	 0.00000	 0.00198	0.011122	  0.1568	0.000000	 0.03343	 0.00211	-0.01102	   50.07	7.939E+5	   0.147	        	        	        	        	        	        	        	        	        	        	        	        	        	        	        	        	        
       7	   2.505	   0.000	  0.1938	0.017080	 0.00000	 0.00197	0.008595	  0.1943	0.000000	 0.04150	 0.00213	-0.01052	   50.08	7.938E+5	   0.147	        	        	        	        	        	        	        	        	        	        	        	        	        	        	        	        	        
       8	   3.005	   0.000	  0.2313	0.017769	 0.00000	 0.00218	0.005619	  0.2319	0.000000	 0.04928	 0.00237	-0.00967	   50.08	7.935E+5	   0.147	        	        	        	        	        	        	        	        	        	        	        	        	        	        	        	        	        
       9	   3.505	   0.000	  0.2690	0.018527	 0.00000	 0.00224	0.002050	  0.2696	0.000000	 0.05764	 0.00245	-0.00867	   50.07	7.932E+5	   0.147	        	        	        	        	        	        	        	        	        	        	        	        	        	        	        	        	        
      10	   4.000	   0.000	  0.3057	0.019758	 0.00000	 0.00240	-0.001615	  0.3063	0.000000	 0.06529	 0.00265	-0.00782	   50.05	7.928E+5	   0.147	        	        	        	        	        	        	        	        	        	        	        	        	        	        	        	        	        
      11	   4.505	   0.000	  0.3430	0.021168	 0.00000	 0.00276	-0.005835	  0.3436	0.000000	 0.07285	 0.00303	-0.00708	   50.05	7.926E+5	   0.147	        	        	        	        	        	        	        	        	        	        	        	        	        	        	        	        	        
      12	   5.005	   0.000	  0.3780	0.022984	 0.00000	 0.00332	-0.010079	  0.3785	0.000000	 0.07998	 0.00362	-0.00640	   50.05	7.924E+5	   0.147	        	        	        	        	        	        	        	        	        	        	        	        	        	        	        	        	        
      13	   5.505	   0.000	  0.4093	0.024985	 0.00000	 0.00454	-0.014399	  0.4098	0.000000	 0.08563	 0.00486	-0.00584	   50.05	7.924E+5	   0.147	        	        	        	        	        	        	        	        	        	        	        	        	        	        	        	        	        
      14	   6.005	   0.000	  0.4384	0.027004	 0.00000	 0.00613	-0.019010	  0.4388	0.000000	 0.09141	 0.00647	-0.00493	   50.03	7.920E+5	   0.146	        	        	        	        	        	        	        	        	        	        	        	        	        	        	        	        	        
      15	   6.505	   0.000	  0.4680	0.029192	 0.00000	 0.00753	-0.024014	  0.4683	0.000000	 0.09754	 0.00789	-0.00403	   50.03	7.919E+5	   0.146	        	        	        	        	        	        	        	        	        	        	        	        	        	        	        	        	        
      16	   7.005	   0.000	  0.4991	0.031298	 0.00000	 0.00858	-0.029799	  0.4992	0.000000	 0.10403	 0.00895	-0.00262	   50.02	7.915E+5	   0.146	        	        	        	        	        	        	        	        	        	        	        	        	        	        	        	        	        
      17	   8.000	   0.000	  0.5614	0.035833	 0.00000	 0.01070	-0.042654	  0.5610	0.000000	 0.11623	 0.01112	 0.00010	   50.00	7.912E+5	   0.146	        	        	        	        	        	        	        	        	        	        	        	        	        	        	        	        	        
      18	   9.000	   0.000	  0.6226	0.040913	 0.00000	 0.01297	-0.056984	  0.6213	0.000000	 0.12812	 0.01343	 0.00307	   49.99	7.909E+5	   0.146	        	        	        	        	        	        	        	        	        	        	        	        	        	        	        	        	        
      19	   9.995	   0.000	  0.6868	0.046891	 0.00000	 0.01371	-0.073029	  0.6845	0.000000	 0.14098	 0.01421	 0.00624	   49.99	7.908E+5	   0.146	        	        	        	        	        	        	        	        	        	        	        	        	        	        	        	        	        
      20	  10.995	   0.000	  0.7406	0.053054	 0.00000	 0.01574	-0.089170	  0.7371	0.000000	 0.14937	 0.01627	 0.00928	   49.97	7.904E+5	   0.146	        	        	        	        	        	        	        	        	        	        	        	        	        	        	        	        	        
      21	  12.005	   0.000	  0.7839	0.059929	 0.00000	 0.01787	-0.104438	  0.7793	0.000000	 0.15464	 0.01842	 0.01145	   49.97	7.901E+5	   0.146	        	        	        	        	        	        	        	        	        	        	        	        	        	        	        	        	        
      22	  13.005	   0.000	  0.8176	0.068370	 0.00000	 0.01742	-0.117371	  0.8120	0.000000	 0.15682	 0.01800	 0.01208	   49.96	7.898E+5	   0.146	        	        	        	        	        	        	        	        	        	        	        	        	        	        	        	        	        
      23	  14.005	   0.000	  0.8469	0.078857	 0.00000	 0.01510	-0.128438	  0.8408	0.000000	 0.15676	 0.01571	 0.01114	   49.94	7.894E+5	   0.146	        	        	        	        	        	        	        	        	        	        	        	        	        	        	        	        	        
      24	  14.500	   0.000	  0.8583	0.084657	 0.00000	 0.01309	-0.132937	  0.8521	0.000000	 0.15556	 0.01371	 0.00988	   49.96	7.896E+5	   0.146	        	        	        	        	        	        	        	        	        	        	        	        	        	        	        	        	        
      25	  14.995	   0.000	  0.8678	0.090910	 0.00000	 0.01101	-0.136705	  0.8617	0.000000	 0.15314	 0.01165	 0.00796	   49.93	7.890E+5	   0.146	        	        	        	        	        	        	        	        	        	        	        	        	        	        	        	        	        
      26	  15.500	   0.000	  0.8748	0.098721	 0.00000	 0.00743	-0.138638	  0.8693	0.000000	 0.14989	 0.00810	 0.00473	   49.93	7.890E+5	   0.146	        	        	        	        	        	        	        	        	        	        	        	        	        	        	        	        	        
      27	  15.995	   0.000	  0.8743	0.108513	 0.00000	 0.00158	-0.136599	  0.8703	0.000000	 0.14434	 0.00229	-0.00080	   49.91	7.886E+5	   0.146	        	        	        	        	        	        	        	        	        	        	        	        	        	        	        	        	        
      28	  16.500	   0.000	  0.8639	0.123470	 0.00000	-0.00811	-0.126975	  0.8634	0.000000	 0.13728	-0.00733	-0.01114	   49.88	7.880E+5	   0.146	        	        	        	        	        	        	        	        	        	        	        	        	        	        	        	        	        
      29	  17.000	   0.000	  0.6130	0.232250	 0.00000	-0.06536	0.042877	  0.6541	0.000000	 0.10188	-0.06402	-0.07810	   49.68	7.847E+5	   0.145	        	        	        	        	        	        	        	        	        	        	        	        	        	        	        	        	        
      30	  17.505	   0.000	  0.6155	0.241562	 0.00000	-0.06788	0.045241	  0.6597	0.000000	 0.11382	-0.06648	-0.08065	   49.68	7.847E+5	   0.145	        	        	        	        	        	        	        	        	        	        	        	        	        	        	        	        	        
      31	  18.005	   0.000	  0.5503	0.240689	 0.00000	-0.06812	0.058812	  0.5977	0.000000	 0.09557	-0.06677	-0.08631	   49.65	7.844E+5	   0.145	        	        	        	        	        	        	        	        	        	        	        	        	        	        	        	        	        
      32	  18.495	   0.000	  0.5439	0.245862	 0.00000	-0.06859	0.060629	  0.5938	0.000000	 0.08869	-0.06722	-0.09040	   49.64	7.841E+5	   0.145	        	        	        	        	        	        	        	        	        	        	        	        	        	        	        	        	        
      33	  18.000	   0.000	  0.5685	0.239994	 0.00000	-0.06835	0.052566	  0.6149	0.000000	 0.07686	-0.06699	-0.08918	   49.65	7.840E+5	   0.145	        	        	        	        	        	        	        	        	        	        	        	        	        	        	        	        	        
      34	  17.501	   0.000	  0.5515	0.232546	 0.00000	-0.06742	0.055933	  0.5959	0.000000	 0.08511	-0.06610	-0.08202	   49.65	7.839E+5	   0.145	        	        	        	        	        	        	        	        	        	        	        	        	        	        	        	        	        
      35	  17.000	   0.000	  0.6025	0.229300	 0.00000	-0.06621	0.043141	  0.6432	0.000000	 0.10021	-0.06487	-0.07422	   49.67	7.841E+5	   0.145	        	        	        	        	        	        	        	        	        	        	        	        	        	        	        	        	        
      36	  16.505	   0.000	  0.6603	0.216748	 0.00000	-0.05443	0.020216	  0.6947	0.000000	 0.10447	-0.05322	-0.07646	   49.68	7.840E+5	   0.145	        	        	        	        	        	        	        	        	        	        	        	        	        	        	        	        	        
      37	  15.995	   0.000	  0.6988	0.180765	 0.00000	-0.03900	-0.018799	  0.7216	0.000000	 0.10881	-0.03800	-0.07443	   49.72	7.848E+5	   0.145	        	        	        	        	        	        	        	        	        	        	        	        	        	        	        	        	        
      38	  15.500	   0.000	  0.7209	0.170797	 0.00000	-0.03554	-0.028066	  0.7403	0.000000	 0.11017	-0.03457	-0.06728	   49.75	7.853E+5	   0.146	        	        	        	        	        	        	        	        	        	        	        	        	        	        	        	        	        
      39	  14.995	   0.000	  0.7440	0.156903	 0.00000	-0.02975	-0.040950	  0.7593	0.000000	 0.12971	-0.02884	-0.05181	   49.79	7.857E+5	   0.146	        	        	        	        	        	        	        	        	        	        	        	        	        	        	        	        	        
      40	  14.500	   0.000	  0.7564	0.141946	 0.00000	-0.02149	-0.051960	  0.7678	0.000000	 0.12587	-0.02067	-0.03865	   49.82	7.862E+5	   0.146	        	        	        	        	        	        	        	        	        	        	        	        	        	        	        	        	        
      41	  14.000	   0.000	  0.8461	0.078876	 0.00000	 0.01505	-0.128159	  0.8401	0.000000	 0.15604	 0.01566	 0.01176	   49.96	7.883E+5	   0.146	        	        	        	        	        	        	        	        	        	        	        	        	        	        	        	        	        
